306.6431238970267 1609.6496975240022 
305.68165157767464 1609.27040457268 
305.7076011255014 1609.2522462641546 
305.75524322086625 1608.9049110753283 
306.5836116205938 1609.8021356742845 
304.67557532002536 1610.846361664958 
306.663073149146 1608.8639958133224 
304.81813073087835 1610.156177153645 
304.79831784759966 1611.4607101026002 
305.45479574430357 1611.136625833175 
307.19767906772023 1608.3918931008816 
306.91180260741316 1610.668119644989 
306.20967805041556 1610.26547826891 
304.45443898353074 1608.4957011948923 
305.3583531925508 1611.391352566305 
304.56213597132074 1610.4398839305547 
305.85786979936097 1609.0826022771223 
306.09649329463485 1610.3830933590882 
306.35524653723087 1608.1653165383548 
306.06170163433546 1610.2495373459242 
306.5813330891238 1610.2604715163807 
305.1468686681208 1610.804452687181 
307.47063683919237 1610.7170124254167 
304.6609786730554 1609.473694354312 
305.58089576279593 1609.3186429624425 
307.0685681749605 1610.906508732553 
305.2831014537791 1610.6623359347122 
304.9943021475119 1609.7653442550798 
306.1110973967716 1608.2511709264795 
306.0271629835257 1610.0342342754386 
305.34303444184155 1609.8560556065536 
306.9748124261443 1610.5202329287868 
306.83767732499774 1609.154296641472 
306.66305807738235 1611.3051379263957 
306.7866159449785 1610.5832467101427 
304.95920548490886 1611.275872118217 
308.6362179179562 1607.9484629665358 
305.7730066468966 1610.0516028960583 
304.2540390592064 1609.6026680122384 
305.4490913330467 1610.5564499964462 
306.9714253347182 1610.3666925105301 
306.1306377603904 1609.2841327514896 
305.1008841164865 1612.0681638032936 
305.6898890136083 1610.685844262284 
306.15773242890236 1609.2896186786368 
306.8698494498407 1611.3608819004094 
306.2279197436153 1610.1094235367054 
307.0892366043701 1608.2359936605694 
307.0684690934864 1610.5983818392558 
305.99805891381374 1610.5948796112302 
305.46264445259277 1608.9761593662136 
307.12605455984306 1609.4364693444995 
306.86762657228024 1609.359902386747 
303.7558616480873 1608.3895459724213 
306.09648799201926 1609.8245211414412 
308.5303964640866 1608.9776316228797 
307.36976943798436 1609.7870415935818 
306.1310724193305 1612.6729272172634 
305.50250570883725 1608.75578951847 
305.9905641107822 1609.7265894092197 
306.18949458550054 1609.3800543935452 
306.45039007790047 1610.82425108046 
306.93851082794373 1610.603890794544 
304.6429564440009 1610.1423761245037 
305.25945303490477 1609.2327494660578 
305.8684208362179 1608.1532702892182 
304.9750882374775 1611.9174445516003 
306.1092475056978 1609.2457849492027 
307.9780946287771 1609.9109106160624 
305.87194010680435 1609.9061431900952 
306.12925918701313 1610.5801799074438 
306.049954643447 1609.2617423015363 
304.2494521253205 1609.4294181055577 
307.02377686691256 1610.2381532301627 
305.9869662140221 1609.8935586825253 
306.15139552141665 1610.1851538777578 
306.74656662996114 1610.5184964410787 
305.0848622255488 1610.117762108998 
306.8790083352503 1609.2777149203541 
307.19109351496405 1610.2482602422313 
304.88293808323664 1609.3893142674488 
306.73001140952647 1611.7019772202034 
306.1760320134159 1609.9828462376558 
306.14520187530377 1609.2988448620592 
307.19260482199996 1610.8276767523128 
304.6754049071312 1609.572703448604 
306.5724534352925 1611.3274266728945 
305.2256946409596 1610.2535217140137 
304.87057409331084 1609.9370007727346 
307.27633295081364 1610.249609163256 
306.12425990377056 1611.766939715573 
304.5510252835606 1610.7383510687039 
307.57850367335885 1610.676620142625 
307.09671217143773 1610.4602021383091 
305.2756792873892 1610.1227415421174 
305.3688889920173 1611.8499441070942 
306.6291720473283 1610.176691185639 
306.48959688666366 1612.2043015229265 
305.2052754750752 1609.3377295117236 
305.83161922598254 1610.3068613765322 
305.1574240538153 1611.6972090448032 
305.4733952581663 1611.9347518135557 
306.7482667851418 1610.4171922964997 
306.2404415457662 1610.2895726906554 
304.38545664809914 1610.3551712249398 
304.2440231591585 1609.7690566167132 
306.08755758620947 1608.4239656246775 
305.97133293506863 1610.0617959542512 
306.4244634275192 1610.6756453485318 
305.7789179070284 1608.9689940612275 
306.3418840999224 1609.904733336458 
306.2521438908471 1608.6891694628487 
307.24595971929676 1609.8388170947749 
305.81219605875117 1610.2629543093499 
305.5145431822362 1609.707311332621 
304.6575802624393 1610.1311479034268 
305.2264705726007 1610.5661005365362 
307.5908760890426 1610.3767826856501 
306.3542362826331 1609.0921345954239 
305.9521087216335 1608.2205312705676 
305.9413279135213 1610.3911297209913 
305.54801418564364 1611.2052696584497 
305.6782536035996 1609.237201837669 
306.9334219124492 1609.2293858395944 
308.0322818831871 1609.576265816772 
303.061338879952 1610.114204636806 
305.26712134518664 1610.2343888597104 
306.7522003351383 1609.2599460409067 
305.4256906286269 1609.7374666508517 
305.4162518854914 1608.781506480186 
304.3739898115808 1610.0826271763112 
307.86643615501913 1609.755652524968 
304.7173749088154 1608.7596484126805 
305.34804719515995 1610.3660241505668 
306.6468465967697 1611.8493473311023 
304.93346204533236 1610.2104553394445 
305.42796775479104 1610.1832671619554 
306.2650496855148 1610.3260188602294 
305.6104637399246 1609.3079239919316 
305.74125626340475 1608.072698718202 
308.1854994955836 1611.3910948201997 
305.55958972442977 1610.4626882568332 
305.85667226982434 1609.860891577516 
304.18935286085286 1608.3427734036095 
305.4273182259823 1609.0227737888767 
306.6530347651602 1611.0716140618672 
304.67026874582115 1608.8395550410903 
306.1840691725789 1612.1544200400756 
308.50491597704485 1609.210747987874 
306.7149339072825 1610.5037058018584 
306.8302745684003 1610.4630822015497 
305.2897657098612 1610.4685360353465 
307.4513214847962 1610.6764740741107 
305.5366520988884 1610.8049514502218 
306.8029558256261 1610.0772775116084 
305.9693871243842 1611.0112303128801 
307.5284627581932 1610.7310574784888 
306.3059118664836 1609.8886442552157 
306.28537643334545 1609.9627367339442 
306.2822608776174 1610.1065034182577 
304.6763546678797 1609.9555554473113 
306.32338476283974 1609.451659372734 
306.8586540476764 1609.6159889467917 
305.44643106474626 1609.447753933462 
307.4627032890943 1609.415140187941 
305.83874904101367 1608.6625012563627 
306.8724513308692 1610.4959251413438 
306.0824665866836 1609.3858751589003 
305.8418004802874 1608.638650647945 
307.02527789857425 1609.6527764248715 
305.9013464916698 1610.235382133951 
305.07283331943813 1607.3717354032115 
307.528151741907 1608.5815737228463 
308.92841341387674 1610.9864986788286 
305.5664234040313 1608.7638294855453 
306.5511115073617 1610.453524378934 
307.5529415417128 1610.164855836507 
305.8394948798689 1610.8328514801678 
305.98058756729694 1609.4516193520576 
303.8215235800681 1608.7306048679109 
306.89852677173883 1611.33716282739 
304.5383912309753 1609.4352640881932 
305.54592184861343 1610.8521747292318 
305.6184203710374 1611.0668346605914 
305.10870278492763 1607.703211605004 
306.5108793398236 1611.49621099435 
305.8517192222928 1610.7389707222724 
307.47002150174166 1610.6383606415807 
306.0528997023602 1609.069718238402 
305.9419038422333 1610.2701897358686 
306.7010187744948 1609.8036557624646 
304.93119141057565 1611.2937805284305 
306.48076684494754 1611.5095972741658 
305.0456020539424 1609.2250880109657 
305.18669273347297 1610.6767548369946 
306.4354132917848 1611.3594777689466 
304.6999439920306 1607.5747806810111 
304.7744278347701 1609.6819194172808 
306.98328295511413 1608.5602907101234 
306.12941206294084 1609.9888015474191 
774.6914891065875 1543.805432661031 
774.3714366229035 1543.6625040227004 
774.0530983775739 1543.7419286031866 
774.5529474449723 1546.1719031478012 
775.0159544103174 1544.308906146443 
775.7273697777898 1543.5211304341633 
774.195095245281 1542.9551301727283 
773.9186399037599 1544.3784587411005 
775.8087903364594 1542.6926741731338 
774.2996300848429 1543.8906600229623 
774.7765496314298 1544.7767073099853 
775.3413450312863 1544.4314135890959 
773.2531835161609 1542.8176794806755 
776.1476342974638 1544.976838674696 
774.6935649288228 1543.036433520576 
774.4732791179131 1544.5131243804585 
773.9820794160544 1545.638732952624 
774.386489098481 1545.5102350947104 
773.5095403727033 1543.875483204157 
773.9963877342419 1544.4809411659323 
773.4862904765304 1545.7701670041627 
773.9215716210593 1544.459037696944 
774.5259792797771 1542.4298541177263 
773.8101348376791 1544.4175119608253 
775.0687305880178 1544.1985326276674 
774.4264349057777 1544.3077620436884 
776.3731913341244 1544.140757406702 
775.8871373616705 1544.4682885747736 
776.4236832602728 1543.508633076501 
774.4095115920461 1544.7075318718976 
773.2969585486608 1544.0630845539197 
775.9887439089744 1545.8952937600682 
773.4054195471764 1543.8721374826257 
774.86413133274 1543.7776749359034 
775.5802033714937 1544.59101591802 
774.867229033865 1544.1996550003178 
775.6406695253651 1542.8057522203069 
775.0267091209847 1544.5300650096974 
775.0687198183837 1543.1854650556625 
774.2328037927471 1544.4651695520924 
774.3951759930322 1542.8667964999177 
774.49047176694 1545.4303213647459 
774.9739613711289 1543.325504914003 
775.9786417818376 1542.6099939348271 
773.8609401866883 1542.68158439536 
775.2396052878898 1543.7197166649628 
775.581365810169 1544.529023803717 
774.9272162233902 1546.4546050303268 
776.3343729405403 1542.87913763153 
775.4028801348219 1543.078957747923 
773.6261969976894 1543.4924805633354 
774.4937576646078 1543.9475236854335 
774.807063899107 1543.6364908922712 
774.9369142828084 1543.3785427116873 
775.0582203871054 1542.9241593641607 
772.9069259773585 1543.824755388604 
774.9392009562172 1543.9047305911647 
775.0716265364941 1543.728798721576 
774.0850770451314 1542.9252881961168 
773.7999878541787 1544.1203012007122 
775.1578830676893 1545.0556462481711 
774.7923542728341 1542.329720731259 
776.2437802716084 1543.1449711884848 
773.5006523653612 1544.0250574983438 
775.9530530763984 1545.19001184976 
775.2947034175115 1543.37933870944 
774.6453168458909 1544.930813145291 
773.2691827362789 1542.4645807111888 
775.9877942491382 1544.2065401261048 
774.6197611697091 1546.3647459786712 
773.6725786257738 1543.9176768840346 
774.7946075461979 1542.9464155956803 
775.9199935101881 1543.1289844355126 
774.3322046273902 1545.686219708559 
775.0470302873955 1544.6151974983381 
776.6076379431536 1544.2627860663467 
774.2491057356531 1545.0886937816106 
776.3065558321988 1543.4522334199994 
777.2004255982139 1543.382855133679 
775.8940442637207 1544.8543932438363 
774.7958816601118 1543.3988483672608 
774.9928656704789 1545.2328333262037 
774.7744325775609 1544.3754636108642 
774.8925247595103 1543.8798687547217 
774.3502213900683 1542.9926002381944 
775.4041023911756 1542.847017412103 
773.3989096694974 1545.055854636014 
773.3095295822717 1544.9259590829174 
775.3910527099116 1541.9522140727029 
775.1750747028237 1542.491285369291 
775.3458523229347 1543.9725155997771 
775.2305767373647 1545.1281291392388 
775.616940249732 1545.5381363626566 
776.1489075748699 1543.9494610906306 
774.9894993570391 1544.3767252556102 
774.6464839493542 1543.3612809778451 
776.07121730137 1544.9650648115523 
774.1514028332487 1543.095477229326 
774.0905947645906 1542.678233362292 
775.1893723339603 1543.3679929492685 
775.0445234281433 1543.009403279909 
774.2769301087294 1543.3650244422947 
774.0195857378656 1544.250710591344 
772.4747858959109 1544.0355946992722 
773.6608301381085 1543.3594419539425 
776.1455620301593 1544.841129726911 
774.1523240278235 1544.4608267554638 
775.6755409286063 1545.3368528530464 
775.2646348763902 1543.9228022601046 
774.3104989937343 1543.555476423659 
774.4787001887071 1544.2875621635897 
774.9429188093565 1544.4322975874927 
775.8651465452539 1544.163921455792 
775.9494338471088 1545.1451197541242 
774.9763246291936 1544.2304246938097 
774.967335821467 1543.7602875943485 
774.6940472690717 1544.3452404861575 
774.0224749439052 1543.9071400404214 
774.9225544342203 1542.769083023815 
774.5871677591223 1544.2537619550471 
775.184226563946 1544.415389969806 
775.8598470236007 1543.3638657427434 
776.4228496160439 1543.5216382487959 
774.2442819752684 1545.294673185257 
776.3093508910011 1544.0596276357103 
774.6382868737549 1544.1323959677377 
775.435283784609 1543.4077690693923 
774.1597955806716 1543.963611437326 
773.0086032154305 1545.0552095502007 
777.0439767026256 1545.6018615515286 
774.1040990578454 1544.0233747553305 
775.3385996774256 1542.9562007962818 
776.5633533379213 1544.906000243692 
775.0927686730278 1542.6020358051164 
776.806831655384 1544.2566067883154 
773.5889182018751 1544.4647796399474 
774.7943070810388 1545.9657449513459 
775.8744147640774 1543.5751129757589 
774.8254326969552 1544.1519382764718 
774.7774313050712 1544.6453122468122 
777.214217830229 1544.169559674368 
774.1264313635075 1544.8513710506732 
774.8286572820354 1544.2751135801534 
776.6215633503767 1543.0124567885068 
774.828745319692 1544.9142341545703 
773.5593427847379 1543.2404884013386 
773.1295145610997 1545.1487500218382 
775.9923396974282 1542.3583682217456 
773.1911314269865 1543.6967847929413 
775.1673178443478 1544.1739439638163 
774.4336632709834 1544.607237510476 
773.8696902963807 1545.7126523896652 
774.0815199966372 1542.7777272473134 
775.7180072194109 1545.1071149821762 
774.2084905607084 1544.4394829591809 
773.6816837403837 1545.2672723240744 
774.9253738498716 1544.1877208534381 
774.8311407990323 1542.8506142703573 
774.8977436123206 1543.2962358187817 
775.2979837535202 1543.6937907988322 
774.3953390603018 1543.676713834351 
775.5045916907377 1543.282817210256 
775.4437555569468 1544.2526312603884 
774.3584710380165 1545.585637691631 
773.9781609664717 1543.7524013583177 
776.8439556545613 1544.421928434631 
775.8062805688354 1545.0599555990873 
775.3487150846553 1543.7824474647455 
776.4098947041422 1543.3140556300807 
773.8974237100457 1544.9697362205777 
774.0581132786574 1545.7435197900243 
775.3873625322348 1544.9171273846257 
775.3218234490811 1543.9651748454548 
776.0355448002582 1543.389809743623 
774.4635377130792 1542.9056150726192 
775.1098688837185 1544.470244701128 
775.1976183126703 1542.5788751558835 
773.577340256385 1544.8671345307403 
775.0460133717312 1542.992045394667 
774.8108405680724 1543.9020287836604 
773.7168174751384 1543.70251463717 
774.1171829339164 1543.2684439188824 
776.5364777677136 1542.7861750942607 
774.0477556546322 1542.2181135024625 
775.5224182028463 1543.050253410069 
774.1247420406108 1546.7084674178425 
773.7616969033614 1543.2218769601227 
774.8187594914372 1544.4578158164409 
776.4009531468304 1544.1769432139804 
775.6467891672528 1542.090994022303 
775.0919784776298 1544.91639180473 
774.137126582331 1544.2838378822212 
774.5569302816363 1542.3798751596314 
774.3388236521313 1544.379493091707 
775.6330409981367 1544.4684596652899 
773.5701006813365 1543.864050163233 
775.2483659562489 1543.5429258791858 
773.9515360474392 1546.467186580951 
775.5647734267942 1544.8393355022783 
773.7642188213008 1543.9117758022999 
246.03973114930722 215.6409281075194 
245.6608806319495 214.12920890636292 
247.41732038851003 214.0433029990851 
243.64186192464578 214.999843094667 
246.63698836085507 214.8739296391493 
247.1985214220554 214.19154834912308 
248.10311327086688 216.20987900798468 
246.34633213760958 214.93555355508286 
245.67512391185068 216.3212991349682 
246.6807662272299 214.03095446113852 
246.17825012739897 214.84670690534796 
246.46901032063963 216.69431409721093 
247.121293422866 216.13627980310113 
245.4331608101131 215.71514109919232 
246.73359838422488 215.76487951374483 
246.44839815538637 215.27616243909748 
244.51574703859634 215.1867349494012 
246.02556381469748 211.67952719173152 
246.2174315964377 213.5027814348002 
245.03632919367627 214.2861332642982 
245.60751065258438 215.61077689778082 
245.93148915635052 216.70626712223105 
245.49651772827187 215.72270253652476 
244.6433498085995 215.38103781911235 
244.77037974752747 214.90725352981775 
245.30670942753582 214.86283072045325 
245.99648074707193 215.3673339544138 
246.99319753343732 215.83380969799308 
246.72560205556195 214.90267104825392 
247.06581248107616 214.92019897916663 
245.99135154770423 215.9070059310913 
246.73584530752666 215.2059074110775 
244.25644846919164 214.77177579780562 
247.6055638175427 216.81247216550045 
244.98076411606172 215.80947147780032 
246.0820232026844 215.15138674504715 
245.39285418536622 213.4143825984227 
247.5284767513785 212.93911819250403 
246.38705170589148 215.32030142773795 
246.95276693748505 215.2159595501473 
246.78362062338772 213.81263806395035 
246.20947066302566 216.27918601047713 
246.96703260299455 214.3920442158974 
245.85334803086218 216.14662701465957 
245.26811299841697 214.64811087351333 
246.38741001070582 213.26041032259445 
248.08936222563628 214.379991960621 
245.04019331002635 213.09397333988701 
246.3443914794526 212.72494345172046 
246.48685083695807 213.24840569562969 
245.3304679540869 213.9320176418581 
245.6628988574761 216.10230701007725 
247.21378770032132 214.0674737163165 
246.7584078649313 213.3468737313402 
246.73336563827473 214.75239285000336 
244.76759387676654 214.7808267456514 
244.71557247958577 214.5905577158419 
245.61777948684727 214.94938893878415 
245.95124610566728 215.6846937753003 
246.0284389646519 214.4831532067785 
246.14382277953953 215.72502463275777 
247.05855940377666 215.8495304447475 
246.10434592727816 215.67220122519402 
246.74015902865574 214.80687348066132 
246.91931389529987 214.32170469646925 
245.60778622686072 213.55740298023042 
244.84533377667552 214.44844208259477 
245.7447155938947 215.09731039060594 
247.7645917679973 212.66818993866957 
247.57507540253226 215.98241673033405 
246.19762656225555 213.26815408163054 
247.08309463932855 215.94994418638186 
244.5969211410144 215.06308029675296 
245.23929479852404 214.1283520347369 
246.9597676367499 214.43058834813672 
248.23573143445523 215.72139493973918 
245.2985771415722 213.8449623978915 
246.03124906725117 213.53695820081765 
246.06894252268177 216.44163777385288 
245.80517809936887 214.92494752857334 
246.38133217715597 214.30353961711367 
245.81954525775575 215.59028385699793 
245.87238422011728 214.6760991652396 
246.49810674127275 216.5419965007745 
245.2681372702577 215.09385528911966 
244.62781443471133 214.865931638037 
246.2211340865084 214.08404473696189 
247.293645897344 214.76783249168554 
246.9726142334561 215.00837344581885 
246.12974206969793 214.3283335458747 
246.27792166805423 213.39279848317898 
246.50350367449312 215.11475838200275 
246.35214104571318 214.81536164711687 
245.04267047517956 214.9854351104842 
246.07452710335988 215.31132029613315 
245.83321903597587 215.9681156365617 
245.60295030546703 213.75771587281108 
245.4695607111046 214.54532409819788 
246.55466476225916 215.9711292326418 
247.78034922214096 217.25053833721364 
245.67722697171513 215.02654434222939 
245.8760037010363 214.84264588152803 
244.52657522872062 216.70912031002712 
246.06969376163687 215.26051816749856 
246.3776005396292 215.32426811309034 
248.18171195176774 215.48888141656033 
247.33940923788052 214.80860355473928 
248.5696634806362 215.28231389482096 
243.08167723623833 215.7914806171149 
246.71676887568665 215.97764102017373 
246.01529846982984 213.03292425696324 
246.80800565128953 214.882738236577 
247.1899522420965 213.9391612331036 
246.53059491418267 214.75626392613685 
246.52726859333052 213.11550229188668 
245.08296734829432 214.90573957282018 
243.39266291663392 216.13580673028866 
245.0639080699314 217.80497046514063 
245.6325131718721 213.99920269358677 
245.46443893775552 214.784391779085 
246.34171192701626 214.54907892586462 
247.00502242649574 216.15430273256874 
245.98701211079202 215.07515550710872 
246.26459124959584 214.06212349044554 
244.04007923897407 213.9233712221892 
246.20582234212492 214.59197498663355 
246.07896256314115 215.03267019315595 
246.36298166471263 214.26572859900637 
246.80602287397866 213.90797017706856 
246.02239737915767 214.98481214386882 
245.08498743162045 215.5203470102995 
244.42642697606664 215.11348968629275 
244.38111352167846 215.6054512165893 
246.4485677319925 215.3673963127297 
247.90324817095126 216.09921142439296 
246.40004678746038 216.57263103832486 
243.7249738248983 214.11429310688357 
246.8399816646424 214.5836203106147 
245.38315284512248 216.0977912561067 
246.1101420181132 214.75691208252425 
245.84906324568874 214.8254159461443 
247.25347257579625 215.48130008334292 
247.68198953943053 214.58692021697468 
247.09702395976294 215.36259025776906 
244.91503019476113 213.8431685959599 
245.56538871734386 215.39262049063223 
245.58603864545304 214.57622329883824 
245.65876745508322 216.99840124785314 
244.64788643144334 215.13299460756068 
244.06403700862285 215.4737042586842 
246.36560825765386 215.00185288681422 
245.7982660381081 213.56722684131958 
247.72929314166328 213.85007287034375 
247.34050232397104 215.14103109838072 
245.0401983485546 214.9456747793728 
245.98135805649056 214.10387103434655 
246.75118723994427 215.0909236273365 
245.11386703010376 215.03211042910695 
247.0256475494391 213.83947764577795 
245.7984606578969 215.60162345559502 
245.38195692012127 214.79883539552077 
246.07454302773786 213.34511762569514 
246.70146146282636 214.7413319809574 
245.90809608539345 214.49348763531736 
244.29122576811463 214.2552248018998 
246.38916997388128 214.85335391517214 
246.33929619580974 213.66113212548703 
245.90154287066957 215.8518128654991 
244.27378235320404 213.76067042704116 
245.3434116490924 214.72200950666328 
246.00096036200455 215.47257099718428 
246.11219801967638 214.82221211916115 
245.432156344622 214.8003196437289 
246.87106629023447 214.27814493054058 
245.0408546256917 214.10961743851058 
245.14548335062102 215.227495374928 
245.62664363358314 215.39758546202071 
246.1049663919012 214.92179933910998 
244.44798762220978 215.67819236356158 
245.69739399245898 215.80181002282995 
246.85063142671535 215.93995716891564 
245.64169179969153 214.040657546244 
246.7232432981689 215.13896880260208 
243.76144945872537 213.7221448532027 
247.97390038544614 213.37671227554344 
243.69836717236797 214.49653224647935 
245.35881425311197 214.48373368809658 
245.34365395626736 212.41564636826814 
246.70993487626373 213.562952265217 
247.0906316579068 214.27160462834556 
246.4359240678187 214.5918840778861 
246.50241993680405 215.93452187413064 
246.22211323005007 214.3284665373665 
245.79125430833886 215.38637598126368 
245.8821639733091 213.73448763061836 
246.31737927150613 216.1479325806684 
245.71688959054057 213.1944180030082 
245.2923108243305 214.25079689348678 
246.95149566630064 214.9963601785941 
246.02185877184246 215.343861542146 
1290.6074606468605 1462.9084172847984 
1291.0062701409079 1465.2630017251188 
1290.7021963644825 1464.149075125777 
1290.7082410011992 1465.9440790385054 
1291.9761900135773 1464.3253550590334 
1290.315758974925 1465.5426765900274 
1292.6740895602206 1465.702161503472 
1290.545909648725 1464.3707708139716 
1290.7811653422054 1464.2863578220245 
1291.2364980652453 1464.1978611269947 
1292.5162813699105 1465.3570885933134 
1292.1171674912166 1464.6440706051144 
1290.6672466480368 1465.4246247055753 
1291.7000051954003 1464.0922427004705 
1290.1573595075351 1464.1711761829572 
1291.8306871094348 1463.0515141139153 
1291.882017191943 1465.3045699975355 
1291.0738393272202 1464.4695873733583 
1291.8958108453623 1464.8063161167233 
1290.8067717746135 1463.7436935514686 
1290.6774593182035 1463.7031513439983 
1290.1575210471176 1464.1116837806824 
1290.951668599201 1465.4429853122524 
1291.2165849859061 1464.5287975097604 
1290.472081162882 1462.9026252368317 
1291.9550206513502 1463.1674418626963 
1288.6972976772308 1464.0369405778788 
1288.458506045063 1464.9511345799706 
1290.9873431140418 1463.875752728884 
1292.7798288793058 1464.229700691479 
1290.104890080301 1463.9319270283365 
1291.5333974545197 1463.8665745100727 
1289.9099651439992 1464.4486762478393 
1290.6684020835453 1463.311863644167 
1290.3449338747503 1462.9306700927245 
1290.370512921748 1464.1299507505619 
1290.8630365797615 1463.9006676924764 
1290.450244591208 1462.575566656546 
1292.2163020372977 1463.8765599700525 
1292.268296570245 1463.7155173766394 
1291.4994592124726 1463.9105425081907 
1291.2938375737858 1463.8729011556204 
1293.129243600564 1464.8722029061348 
1292.0852179213775 1463.8370256834535 
1291.4435987037652 1465.422277646335 
1290.8425213428388 1463.42966396507 
1289.6838617534552 1464.7964907422745 
1290.809399255867 1463.1989048363573 
1291.0946034835752 1464.6372982745627 
1290.9164408420538 1462.2023228065536 
1290.146500479099 1463.3711750808131 
1291.694348291336 1463.632975366108 
1291.2784544454007 1465.1690196344928 
1291.4170838802936 1463.6556227447702 
1292.1815813540156 1461.6957917405214 
1290.269875832039 1463.3339842997934 
1288.7175347210941 1463.4772649237673 
1290.6405370271596 1464.4125976868534 
1289.7802463435958 1465.2664186230252 
1291.572511293943 1464.0353088603993 
1291.303260490374 1461.5033343527678 
1290.224924758777 1463.8554090740624 
1290.3665432261996 1462.9987621895334 
1290.9011701543502 1460.9986864824782 
1290.1292451549627 1463.9848110537484 
1291.0764899643448 1463.1931109266627 
1292.3025237646075 1464.7432483623788 
1291.9467388020937 1463.3909636808414 
1291.3498083341146 1464.6934949283059 
1290.559498087273 1463.135141449843 
1289.2958270129402 1464.030118917069 
1292.10315611045 1464.2002225729025 
1291.5174950249193 1463.3002065767098 
1291.9687802779586 1463.4714202152977 
1291.0744423543658 1464.0761910261383 
1290.7732874288147 1463.0370387756764 
1289.7837389950962 1465.3200266081708 
1291.1263324035713 1464.579254679718 
1289.0336352658283 1463.5655219064413 
1293.2034268344578 1464.8703195061262 
1289.8675182230497 1465.590826925966 
1293.0669926642454 1462.3222675252862 
1290.6098429275053 1464.1055865091203 
1291.6870771002395 1464.9674654305431 
1290.9143087751577 1464.110624347989 
1290.6344267592106 1464.5885322290658 
1290.2975953486716 1463.0265353502348 
1289.9500575961476 1464.325983999063 
1292.5078815779432 1464.987719240839 
1291.4762125097905 1461.6056706058969 
1290.902911232789 1465.880138828527 
1290.730067639973 1464.4178034839974 
1290.8278645568353 1464.8830134134873 
1290.3443577883559 1464.3081246896356 
1289.320998979364 1465.6163002746507 
1290.2008539655783 1462.1279104203943 
1292.5420153979069 1464.1504585066116 
1293.055147936231 1464.907276491699 
1291.4375080889033 1465.009709040183 
1291.3710741614752 1463.4977731453225 
1291.9576573273116 1465.0165942925626 
1289.1366670302502 1466.9581468835229 
1293.2653860925075 1463.2363729579192 
1290.3522835508372 1464.9398824928255 
1292.6150268441502 1464.875291511253 
1290.9909211767256 1463.3906955656075 
1291.1693993044782 1464.1040822803486 
1292.0909356471705 1463.2617837891444 
1291.3982940455942 1463.4672174352565 
1291.7224147845861 1464.0898928768468 
1290.7041549198768 1463.2641117678772 
1290.6202050408453 1463.378534772127 
1291.6873352098485 1463.3881196913417 
1290.4187146160593 1464.7474866881805 
1293.0201827233623 1462.2911899371618 
1291.321722986151 1462.72015322472 
1290.4925034930961 1463.981067719601 
1292.38101732311 1466.5351115202761 
1291.5700096984779 1463.9464699531136 
1293.4521022060455 1462.4848825936385 
1289.638478229263 1463.8488016618776 
1291.7015644870746 1464.9252074945705 
1289.8263219982757 1463.8339768503722 
1290.8669292388456 1463.6303806588755 
1291.0314574109764 1463.08761518899 
1290.2302306991276 1463.5931423966422 
1291.734809940145 1463.2430543442933 
1291.2892590630913 1464.0266937572183 
1289.1624900244897 1464.9595914293145 
1290.7404178924185 1464.3591407776105 
1290.2543418418961 1463.7850667445787 
1289.974935489408 1463.1346622515814 
1293.4940277278947 1464.8127129595164 
1290.9385514296357 1462.781491382212 
1289.8143228595031 1463.4735045105504 
1293.1291692256295 1464.0433498294822 
1292.1267288157562 1462.750920576958 
1291.11387380121 1463.2257524085028 
1291.113676077829 1465.017594760326 
1292.9514696924468 1465.3520798146278 
1290.5066021810217 1465.7926876954793 
1291.4467540529336 1463.190607634342 
1289.1927300840553 1466.0079180164955 
1290.0271437282026 1465.25744839363 
1290.6278041601652 1463.320215100362 
1290.8453544829588 1463.9067661761017 
1291.226198317729 1464.244016823014 
1291.4795420654655 1466.0271988557272 
1291.088481457994 1463.6862677940849 
1290.8071992678217 1464.691638521868 
1290.1032830584118 1463.04558634123 
1290.2842170338708 1463.9179616769197 
1291.139947832478 1462.2071275192984 
1290.7905655951865 1464.7187705389101 
1290.8506657584132 1464.620282487101 
1291.703999080995 1462.4735893255852 
1290.6632930062588 1464.19977356582 
1290.9194354508884 1465.0623008369766 
1292.1280989003626 1464.8089164078408 
1290.7235721127552 1463.7600855778635 
1290.175543344394 1463.1437709559466 
1289.4144893460034 1461.363191745005 
1290.0275447558665 1463.9099391896057 
1290.7181800986139 1465.6374552833881 
1291.4220805043103 1464.3515478518934 
1290.2939779203266 1464.1419296100219 
1289.3904503827603 1464.4572319367712 
1291.9383892239873 1463.4299377803295 
1290.7218461364428 1464.7729201981292 
1291.7301206434142 1463.1570499538616 
1291.5824838312867 1464.5916845092445 
1290.2222582854815 1463.1696693389306 
1291.229661758294 1463.4524747710987 
1289.9825483667782 1463.602035364248 
1292.9402905453967 1463.530701600327 
1291.2127602586538 1464.637975892457 
1289.086133482268 1464.4503235181398 
1292.6929838428514 1464.290497251688 
1291.0418720885204 1462.9286775828548 
1290.6712549750887 1463.9921579448837 
1291.4060997502668 1463.0989636019867 
1291.7249245713508 1464.7997154423074 
1290.406607605889 1464.2128525664184 
1290.7088300545524 1464.4671489999873 
1291.7547692506512 1464.0114006357771 
1292.9070398204183 1463.79592761944 
1291.4452318826234 1463.3638900639976 
1290.349761362648 1462.7534030044806 
1291.341601863553 1464.5429041909167 
1291.627280776114 1464.5739223677401 
1292.9057260721565 1464.4643378998874 
1290.0787879433428 1462.9504132294694 
1291.0534016760873 1465.4192828927999 
1290.3516645834852 1462.5247995452733 
1289.6940793238116 1463.6547191566262 
1290.9135141152155 1464.6101309158082 
1291.4481814130747 1463.0021212282145 
1292.46899902447 1462.7927875569487 
1290.3356198477727 1464.7321688302984 
1292.2288597505765 1464.3725724976725 
1543.1617077008218 674.9155073917277 
1544.632576161165 674.6343413091744 
1544.6669580774874 675.7882359198262 
1543.247689393819 678.3137033538288 
1544.5723965763102 676.1873792092582 
1544.129680029083 676.2155890441196 
1544.7966224004135 674.097599776537 
1542.3792990174916 676.1398943542187 
1543.436570585233 677.9252927635014 
1544.1037393582124 675.8434578929432 
1543.6329390569324 674.4356789412552 
1544.8656228728296 675.0694885815283 
1543.9730222004612 677.0791975898816 
1544.635185539931 677.9659158858555 
1544.6971413301708 677.1629792515771 
1543.0937906108281 675.4083674787919 
1543.5882913122782 673.8054658081858 
1543.6467471082735 676.2569555670207 
1544.259021133167 677.7838425287276 
1544.019580315856 675.5385906544496 
1544.2323899113371 675.0863914745776 
1541.5156537305213 677.624003649491 
1545.5728970892503 676.4180821380705 
1544.0100730255288 676.0949887709612 
1543.7735683478293 676.6428377892677 
1546.3887240057395 676.8553862049088 
1543.3831640170083 676.5225013841837 
1545.0477026257274 676.2458095832656 
1543.4441909840016 675.5620021362937 
1543.4519852890157 673.6918145497802 
1543.4064666923957 676.5700064200894 
1543.571719256432 675.5723012730792 
1543.6441736737688 677.6255980623158 
1544.0326516807804 677.4500065798794 
1544.4871000179924 676.4607153469832 
1543.037424096569 676.9243660720095 
1541.9463680536014 677.0899195918645 
1543.317849430094 675.4032638520335 
1543.1522577114845 675.0453602770501 
1544.156398045918 677.6565308792935 
1542.4606189961362 676.5146947747428 
1542.7996728674636 676.4931877965723 
1543.189343731184 676.6857639829813 
1546.7490518220698 675.4950589596278 
1544.0819981538573 674.4487339273569 
1544.5296255830344 676.4443627918632 
1542.7902924231769 676.0701118056201 
1543.8480738638532 678.3057759208859 
1543.6390762533329 676.0156801986404 
1543.520702179829 677.1155285016831 
1542.1222779693871 674.5581170341833 
1542.6304620559886 675.46750791565 
1545.6028541273388 675.8467574983613 
1542.9119315307018 675.7686946885386 
1544.3719718371667 676.215423861306 
1543.6646368422932 676.462771097534 
1544.2141432697163 677.5913563410687 
1543.4768208456676 678.0565247273711 
1544.0878173971223 674.2092893000519 
1544.9792299622316 676.105936861932 
1543.8259709230795 676.2935083765663 
1543.326675824869 676.9995194307579 
1543.3593460583174 676.1157808893231 
1543.3356554693291 675.5247624426612 
1544.027651050044 675.6440304228726 
1543.485277175068 673.1190295225819 
1544.1402278768917 676.0359763710346 
1543.343067749533 676.0297266418214 
1543.6720858620517 674.1868208818967 
1544.7064649597273 675.092307512955 
1544.1289950332975 675.4750596192797 
1544.7212092583127 674.8189487604033 
1543.5482319633993 675.8517088432965 
1543.4989584684727 676.3052241388812 
1545.078573543713 676.1845275201786 
1543.6374299943939 676.5345986202019 
1544.5536582470227 675.6952048659476 
1544.1639478886839 677.5915015585009 
1543.8868421554644 674.4250105522688 
1542.952452156174 676.5705095235916 
1544.4519587656505 677.4642856441712 
1544.0807937844465 674.0796027620496 
1543.5943029605148 674.8103907628858 
1544.2781024157941 675.4446383520653 
1542.7568756834644 675.454183497847 
1544.6024998093012 675.3402304887011 
1544.3124807868537 676.0569544675475 
1544.8807426968283 676.6548422519953 
1544.0411320522264 675.3294993352722 
1544.1895391946236 674.6835689524235 
1545.5935316489529 677.0312321915843 
1543.4782153705016 676.3127964151888 
1542.843438801113 675.564766434829 
1544.531998475051 675.6112991982152 
1542.4809761552406 674.83568421387 
1544.0071519241953 676.0377332366895 
1545.6125431389898 674.9768633269223 
1543.12129247582 675.8114969492646 
1544.0285800219735 676.7813074416658 
1543.687826488563 674.9116275503553 
1544.7993209497988 676.5237646692257 
1545.3144253201776 676.1914988912373 
1544.3650339348983 675.2768102581671 
1542.5060076869054 677.5849515158638 
1543.0917525304867 677.747244354697 
1544.08359109406 675.9751804283112 
1544.211770120616 676.5279207632443 
1545.082700992272 675.4682889648179 
1544.256224945858 675.3776336368479 
1544.0834152995335 676.4843294669155 
1543.5339132521303 675.665033260231 
1544.4144976758637 675.5233212299772 
1543.3970301293439 675.8675113925651 
1543.4091591430404 675.2242764135905 
1543.5369146712592 675.6414946688307 
1543.9737850378137 675.7375735464233 
1543.2108679490327 677.1689250214396 
1545.3491561336855 676.0774212481442 
1542.7782635063957 675.9377606288144 
1542.9088541965648 675.3003964011277 
1544.4946485817038 675.9470541735155 
1545.2528261507218 676.7641690136622 
1544.6109595297416 676.3908109574274 
1544.193549138724 675.4387725086843 
1543.580169039491 675.8553649238976 
1543.3756724670304 677.0003241113062 
1543.7727143175946 676.3854307012015 
1544.1121346560758 677.5418354883948 
1545.0945869966463 676.0118438994336 
1545.9178695847793 676.7890952715924 
1544.5277756102466 674.3709720250998 
1543.5189517626136 675.7140721938127 
1545.0533989192118 675.4175195574799 
1545.24777182996 675.5995409728015 
1543.7458427104793 677.2812543436572 
1544.6152805050046 675.457079381988 
1543.7795036863993 676.8634980241941 
1543.1204476837079 676.6880696904409 
1543.980215776892 675.4411149288226 
1543.621432878975 675.8231331206904 
1543.4451896544024 675.4768137581502 
1544.756148115484 675.753175197077 
1542.837262684729 677.4204166975577 
1545.8060383250393 674.0438062386131 
1542.8926233526686 675.368486269354 
1543.5034459990902 675.5025396265393 
1544.0076516148258 676.8108542726246 
1541.5116636315315 677.692254431717 
1542.5186697156794 676.6069160572945 
1544.5683255149431 678.6877439512726 
1544.4385219893554 676.7436094618805 
1545.5435469473196 675.7670674021796 
1545.0228734277034 675.9845961010479 
1544.5618500840167 678.1531040350919 
1543.928788010209 676.0666753868261 
1543.6325116747657 674.2978756729927 
1543.5115201938133 675.7886528671739 
1543.8352637991588 676.060174926694 
1544.1760560601504 677.0708045110433 
1543.552503254217 675.8354220032147 
1542.5921863202923 675.2402750370932 
1543.8697674216555 675.7998029447987 
1543.5018945132545 676.4782427523038 
1543.6985274953265 676.4182780589015 
1542.989787522872 675.8880378520262 
1544.4166453989876 675.9578288820578 
1542.774517235477 676.1037156737505 
1543.4898372207135 676.1079065682608 
1543.485012083032 676.2792587726833 
1544.2112363944025 677.6750307316643 
1542.908763633818 676.1243270372029 
1544.7232286516135 676.2051484140151 
1544.9435211330667 677.2105155838458 
1543.8250769421645 676.1656644317632 
1544.7319097150928 676.7009706621246 
1544.9323848821332 676.4376979237197 
1544.144415181664 675.80812005699 
1544.1488055947325 676.0928688420081 
1543.7112791758327 675.1835681798073 
1546.0172870584781 675.671614503537 
1544.4598179458942 675.4083097551809 
1544.9658153999017 675.792789172577 
1543.2930709093655 674.9905769019161 
1544.8876494786166 675.873371995556 
1543.7104149666857 675.6830115369345 
1542.5926965767796 675.5690096693318 
1546.859766399617 675.1579717826335 
1542.9810805164582 675.4826265275284 
1542.9716689608956 675.4021882672112 
1544.424968703941 675.427418943202 
1543.4691997737361 676.7106036219835 
1545.6239211533089 676.0005021646234 
1543.5233375377352 675.7540226578919 
1542.9249421869179 675.6710585363459 
1545.0024732208747 675.9027406859552 
1545.0246366341396 676.0944430703732 
1545.364250835383 676.9236378425161 
1544.599072661504 674.9743223097407 
1542.5562364187206 674.0909589587029 
1544.5121446423434 676.0567354390286 
